0.06046807657937137	2.2111587700053916
0.06046678912549727	2.211813727908472
0.06046066453100782	2.2142065453821043
0.06045024472705625	2.2173374218390896
0.060443483117083786	2.219595104815941
0.06043770918767163	2.2228461578904124
0.060433533511738746	2.2274568741934813
0.06043161894592251	2.233995341552288
0.06043110125707547	2.2348977915390207
0.06042781075053875	2.2367487716350087
0.060420321856081524	2.2392923458803415
0.06040706659793324	2.2427874192545807
0.06038589085943981	2.247589680507531
0.060381660217285034	2.248520751609861
0.06036564316595689	2.2524644348024245
0.060346591924079845	2.258012561477155
0.0603434014489071	2.2591467007960686
0.060338402064257585	2.261695995592139
0.06033480769178026	2.2650806827666186
0.06033307880367081	2.2695746533115653
0.06033382684212059	2.2755415958649685
0.06033551579590827	2.2801644375549666
0.060336191770410164	2.282162212874291
0.06033715222606671	2.286374376344602
0.0603376820570623	2.291468036967686
0.060337691125543366	2.297627667694141
0.06033752980092005	2.3006619885939323
0.06033748048447924	2.3014548134525263
0.060337266890096206	2.3050884180060067
0.06033694341822572	2.311944634964565
0.06033667046490543	2.3199164236322556
0.060336658102900766	2.3203910991507497
0.060336649608871806	2.3257638138044574
0.060336805418464846	2.33017823331955
0.06033733300193765	2.3376666214766857
0.06033788396338832	2.342763700794329
0.06033865042696919	2.348208389656422
0.060339617795101316	2.35396927504279
0.06034044543344917	2.3585751375299053
0.06034135630366737	2.363620816073703
0.060342319519311204	2.3689326880014003
0.06034232742649593	2.3689761979346047
0.060342348241226335	2.3690908063519776
0.0603424766505121	2.369803922852936
0.06034355861272575	2.376302446142823
0.06034454353027064	2.383196305405911
0.060344666998548596	2.384136587319074
0.0603452471412325	2.3885704599545976
0.060345429001331705	2.3899569481505227
0.06034628500976909	2.39630209510097
0.06034655948901539	2.398174568200904
0.0603472801182953	2.4023268474078794
0.06034817742594454	2.4066066093104244
0.060348587131076284	2.4083905707223456
0.06034925783215713	2.4119006016945574
0.0603494693524122	2.413624341674282
0.060349477951152954	2.4197995593698094
0.06034945257626859	2.420153374831864
0.060350081729998735	2.4239531088685933
0.06035039520158711	2.424753318373436
0.06035315594168633	2.4306471441977093
0.06035409360001957	2.432549142442966
0.0603554246812648	2.436120929990122
0.06035622310620687	2.439767729507725
0.06035630981600583	2.4409209711982203
0.060356385785340486	2.442050366366515
0.060356718977000456	2.4438287023335548
0.060359849045307654	2.4505527304607657
0.06036016489492362	2.451051134807292
0.060361034498518915	2.4539525320342683
0.06036025506150118	2.4568987006261542
0.060358944682286524	2.458838400632418
0.06035756129077662	2.4607686052384974
0.0603560507981768	2.4638797901525336
0.06035555514630225	2.4672104173325753
0.060355599434232216	2.4682819693143014
0.060355651597273935	2.469770752400589
0.060355732579389434	2.472294255914983
0.06035580099989473	2.4757067626387057
0.06035581006612138	2.4769548784746624
0.060355771598838724	2.478715650702463
0.06035556776212926	2.481137162327502
0.060355551386457255	2.4812710991628397
0.060355298279602544	2.482930087734706
0.06035494989660912	2.484601782976858
0.06035471366384783	2.485629773636156
0.06035447396437207	2.486728261201499
0.060354417941696034	2.4869960295720994
0.060353876910467785	2.490435880907409
0.06035384285330972	2.4907584806874175
0.06035369967100186	2.492483174773237
0.06035362107909537	2.494221098513153
0.060353614587690084	2.4952556674354716
0.06035363873945936	2.4962446455946754
0.060353651338091015	2.4966092681076604
0.060353753208847415	2.5
0.06034470542166155	2.501471451628197
0.060339964297708715	2.502587708929675
0.06033848874438885	2.5034345127760167
0.06033883384778887	2.5038688215011957
0.060344040075448996	2.504714312999822
0.060351621064281755	2.50549928013947
0.0603707408950204	2.507386964873821
0.06038234783766115	2.5084511428372673
0.060389719060944896	2.5090510696248796
0.0603947020658401	2.5093892752445477
0.06039570539353793	2.509450354199012
0.06041958301610598	2.510841994539691
0.06043717500193168	2.5118422147671247
0.06045024807977357	2.512561108909725
0.06046007205719498	2.5130778050441114
0.06046755958869615	2.5134491750333687
0.06047336663151216	2.513716094492699
0.06048069640361333	2.5140244607925504
0.06048269314140023	2.5141043039850204
0.060492834602277244	2.5145025447727014
0.06053556257898063	2.516227867696347
0.06056005058017346	2.517281378194352
0.06057043342332897	2.517765756814889
0.18218498140990838	2.2103394005500503
0.1821827515380977	2.2103695863853376
0.18216390932782686	2.2106238666873237
0.1821447870119005	2.210880521864975
0.1819236846525382	2.213761924843233
0.1819008435272521	2.214105446213472
0.18186933693996868	2.2149976560961173
0.18186730891188058	2.21623588318849
0.1819059301392369	2.2179539476169583
0.18200069296278043	2.2203374257107464
0.18217308279675504	2.2236436671928153
0.18239960368632563	2.227819753484593
0.1829616175433599	2.2397203780673043
0.18297272926006794	2.240036028643363
0.18298587517962012	2.2413548743186262
0.18294384947253772	2.2431602958966534
0.18282618090419855	2.245631359911326
0.18260486422402705	2.2490130305528115
0.18224158759741516	2.2536404204327996
0.18168393971459196	2.2599719657887385
0.18131975185572075	2.264110925306844
0.18129574417180938	2.264404088498825
0.18112577887645354	2.2668109184250804
0.1809515755981425	2.270552797113536
0.180813120763564	2.2776302082751023
0.18084108504789237	2.288223926986031
0.18084754900402614	2.2887858728356734
0.18088450339381934	2.293336152144545
0.18089837734430692	2.2986434884121323
0.18088535539346207	2.3048339083608367
0.18086875244777736	2.308892485555634
0.18086022109084882	2.311334246062227
0.1808453665940577	2.3180783579686355
0.18084145918592992	2.3257830599822564
0.1808462375426529	2.331274865315231
0.1808571225790899	2.33639845159598
0.18087848119713532	2.3425258175430823
0.18093127356562086	2.352286984866042
0.18096199398431498	2.3576257096500575
0.18098656772998936	2.3639554299617505
0.18100141389748134	2.37216000656817
0.18100489371059963	2.3762699160207523
0.1810112569651297	2.3817903700602727
0.18102127452344755	2.3883844038820983
0.18102631959122178	2.392133369424516
0.1810288702659632	2.397045241533498
0.1810269595183932	2.402142756490278
0.18102638180697078	2.4028375026145126
0.1810251653242114	2.404664801086964
0.1810254864026364	2.408852608366264
0.18103709120476658	2.4163202087983473
0.1810438670932408	2.419893210794134
0.18104606170440532	2.421717424242797
0.1810492518395337	2.4254540181070974
0.18105076270291132	2.429279275607355
0.18105095581205438	2.4304191040849674
0.18105096806009477	2.430489581614286
0.1810518935229526	2.433500770614984
0.1810524349685155	2.434655257042005
0.1810556245650664	2.4397044456316404
0.18105615071720316	2.4403984393565548
0.18105865374625607	2.4438354185032676
0.18106174378683315	2.4494711798828033
0.18106219121715847	2.4509394816723358
0.18106221074944007	2.4545469302276093
0.18106043536014926	2.4595061193442884
0.18106021811135442	2.4599314636350837
0.1810586498039624	2.462987519889886
0.1810581623622848	2.4651136843949293
0.18105981382121167	2.4684555388803204
0.18106068573409498	2.4695238825232892
0.18106159897444846	2.4713138256563805
0.1810618348829411	2.4731187109954873
0.18106178956894084	2.4734899926412193
0.18106167191521624	2.4742126210317954
0.1810615172938428	2.4763879255629964
0.18106153562606092	2.477173595403132
0.18106182497701145	2.4795005922620854
0.1810618750371553	2.47978277492696
0.18106195928140414	2.480312821145263
0.18106216982603127	2.4817940825734026
0.18106243619816398	2.4855768352817673
0.1810624382107364	2.4856842992300163
0.18106245593223239	2.487403840378421
0.18106244643855024	2.4891367933201494
0.18106239377565228	2.4903858208090446
0.18106227934433583	2.491783316887316
0.1810622647601331	2.4919412221847623
0.18106199293858793	2.4952009104370507
0.1810618758520455	2.4964700809797717
0.18106164585395468	2.4981979233913125
0.18106125962654224	2.5
0.1810525988356021	2.5014711884103678
0.18105047014782286	2.501930408509004
0.18104762470290797	2.5035976407432
0.1810520265048432	2.5045984042152387
0.18105301049376893	2.504716502846125
0.1810663646797618	2.506137864107294
0.18107666043526216	2.507163313601667
0.18107791071290302	2.5072828369318696
0.1810902582183733	2.508374887647483
0.181098409961513	2.5089928376844286
0.1811041866110703	2.5093425084033343
0.18110572684367193	2.509423193716943
0.18113486997708517	2.510810796152546
0.18115796171816262	2.5118084670387235
0.18115971965195327	2.511880357566606
0.1811875626456068	2.512982856661989
0.18120429996123405	2.5136055637071513
0.18121476409692072	2.513957261724846
0.18121972135971845	2.5141067216259376
0.18126207732528918	2.5153115338704017
0.18129342235379708	2.516193284941763
0.18133089715031167	2.517245550533576
0.18135329045862458	2.517880232181688
0.30576473098207424	2.2030901506057097
0.3054767707166488	2.205251075708711
0.30498075717090006	2.208833185303937
0.3043322107325982	2.213356152788431
0.30349114167495495	2.219067135825166
0.3033370567418221	2.2201508122377898
0.3028103661982489	2.2247904034680266
0.30278834739740723	2.225060004413779
0.3027489769790751	2.225645392466269
0.30270505338659215	2.2264717323420875
0.30265479788192245	2.227637458359582
0.30259570573786315	2.229281212309176
0.3025242496978876	2.231598266965439
0.3024354623085162	2.2348636580969687
0.30232234764737786	2.239464765188392
0.3021750527603702	2.2459472003817798
0.30208245647385545	2.250263961352047
0.3018470254140147	2.261881986905292
0.30180718183828975	2.2639849674538146
0.3017858971392226	2.265278975136351
0.3017515951145663	2.2682132389883147
0.3017253143154448	2.2721445600272014
0.3017078220735012	2.278385907681027
0.30171220534655224	2.289227359262438
0.3017590966530319	2.3053632938332766
0.3017646541629336	2.306846942188544
0.30178415383476337	2.3142912164633076
0.30178459918514955	2.31455934861038
0.30178954332518626	2.322229478055643
0.3017790307802895	2.3310350803542086
0.3017507727259187	2.341144202937407
0.301740067642358	2.344040745773923
0.30173940686150574	2.344214088314257
0.3017245105843261	2.349608828587743
0.3017211374256599	2.3520746859146255
0.3017267255275531	2.363473586731153
0.3017272669946105	2.363747099758897
0.30173751226649864	2.369176164634694
0.30174733659033165	2.3749019446188986
0.30175581272959556	2.380316671441652
0.3017566453483988	2.3808808383134763
0.3017618855762534	2.384915898517954
0.3017635578917487	2.3864385394580108
0.30176930797437396	2.3930757590911593
0.30177034758203997	2.3949442699006633
0.3017710439455522	2.399236562342454
0.301769400662252	2.403665796549452
0.30176793073952174	2.4056654880716972
0.30176665699760863	2.4073668917801356
0.30176529889693665	2.410220664205293
0.3017676234466117	2.4193681147466055
0.30176875384199714	2.4209140965921105
0.30177066085573834	2.424754178630624
0.30177132767525794	2.4286888518900827
0.3017710689499156	2.430733822681965
0.3017710108699807	2.4309538258597216
0.30176989817780964	2.434489153805797
0.3017696287163792	2.435250198775145
0.30176785657344635	2.4416200605226086
0.3017677301307867	2.4422521473925074
0.30176723485790047	2.446224474442779
0.3017694566434423	2.4523869050123612
0.30177066554195664	2.454002616321116
0.30177263486414885	2.4570046676500366
0.3017730539968022	2.457743705268654
0.30177447050772244	2.4612871978097663
0.30177479511558186	2.4626361522970273
0.30177520532309887	2.464848142510634
0.30177546881032935	2.4670856043148337
0.30177550570017414	2.4675724324365294
0.30177553812153524	2.468049076615721
0.3017757258886672	2.4699365912082465
0.3017766812676565	2.4746092988749058
0.301776894596026	2.476139867085553
0.30177654207966853	2.4781259913300113
0.3017754772132804	2.48013082091955
0.30177546136234873	2.48015316790676
0.301775441625015	2.480180989395182
0.30177448344981245	2.481720217262684
0.3017732181930862	2.485518792605493
0.3017730359025945	2.4868392280751768
0.30177275285393035	2.488606067335184
0.3017724228861511	2.4903867343455297
0.3017724125521707	2.4904388660882093
0.30177240256875015	2.490488705807926
0.3017721013675072	2.4918006852517136
0.30177096353399474	2.495263741915093
0.3017704152725569	2.4965759178138454
0.3017696328558166	2.4982818149807073
0.3017687660442371	2.5
0.30174835437471187	2.5024740510514127
0.30174441264997476	2.5039558085222504
0.3017503303883182	2.504843993799801
0.3017675426472746	2.5063264887487025
0.30178017567527005	2.507391728766819
0.3017895308343314	2.5081582207220325
0.30179652743864704	2.50870974847878
0.3018018269808373	2.5091065987250136
0.30180279707895985	2.5091767626871326
0.3018090742557119	2.509586613101476
0.3018123718089557	2.5097726106620732
0.3018266348611436	2.510529644677197
0.30186298125808386	2.512460227265281
0.3018842388644864	2.513567320801179
0.3018968444801059	2.514202188079287
0.30190448926110536	2.51456625924521
0.3019092898860862	2.5147750435535836
0.3019094693598204	2.514782510237081
0.3019433695420583	2.516086936408481
0.3019744429716119	2.5171147708486563
0.3020033449778852	2.5179246229887644
0.3020239334955781	2.518419447763493
0.3020464677042885	2.5189223926836584
0.4247059828977194	2.2006917227290406
0.42436990477206255	2.2034971067295137
0.423732516133681	2.2089616682913733
0.42369925817074694	2.209258924097951
0.42357742371851353	2.210485606833187
0.4234788751255139	2.211684648928065
0.42326048531064514	2.215220368167963
0.4230781001392022	2.220079305270917
0.4230755309632358	2.2201765765478783
0.4230588452784427	2.2208638496449775
0.42303834957569775	2.2218341114327105
0.4230124844810068	2.223203572568293
0.4229790502720954	2.2251361656380206
0.42293494391929026	2.227863142175848
0.42287578814219173	2.2317107172011035
0.42279540813840477	2.2371390659904864
0.42268509343082966	2.2447973348813437
0.4225325565924139	2.2556012422710063
0.4224312309232737	2.2618602748498837
0.42240860337955227	2.263231404817566
0.422376152591005	2.2659603650422127
0.4223494521543863	2.269592617431251
0.42233036754000963	2.274426735736984
0.42233081561006375	2.2801332328651736
0.4224342038009302	2.2978325921136404
0.42246779933918244	2.3017699543933463
0.42250117929459996	2.3081317981382954
0.42250548019939504	2.309360330671763
0.4225333253220458	2.316342821327446
0.4225714624018269	2.32438092691163
0.422593351799446	2.329543910002052
0.4226115084986436	2.3374747374310463
0.42261173081532066	2.3469675312181657
0.4226089752885552	2.3493711046686387
0.42260246702492466	2.35519929622719
0.42259905537419634	2.3594028258409216
0.42259840100615476	2.3666568360387537
0.42259668151647645	2.371188710718701
0.42258677091195596	2.3764677260381073
0.42256802361436985	2.3820107216024606
0.42256660511405353	2.3823541500799177
0.4225658609721119	2.3825345568541416
0.42256272510099674	2.3833109210983943
0.42256164987763645	2.3835831346454834
0.4225387016799682	2.390399499758677
0.4225223293745575	2.397597011663205
0.42251868635014816	2.399883594598483
0.42251488388065944	2.402918458799888
0.4225121718607227	2.406018400073558
0.42251201788847254	2.4062447966917353
0.42251184888487214	2.40649407640028
0.42251168602374817	2.406728531843854
0.4225082367816937	2.4106204607352026
0.4225032693025789	2.4146177536038436
0.4224997425935756	2.4173527280867786
0.42249520351348524	2.4221634401330614
0.4224927121281735	2.4270916797127553
0.422492036305714	2.429038886067172
0.42249202444144235	2.4290678514674164
0.42249072860015835	2.4326886860948522
0.4224901646580652	2.4343557918804377
0.42248677526908324	2.4412147531567294
0.4224861196749942	2.4423335288281676
0.4224846785647929	2.445430808327315
0.4224837637736024	2.448580926697859
0.42248346809875514	2.450098767672834
0.42248313417086714	2.4517309515961943
0.422482930888211	2.4529192046369657
0.42248395625214247	2.459464459269249
0.422484459579048	2.461299035958359
0.42248428956551143	2.463570820616617
0.422484196088869	2.4639431044482585
0.4224838478444638	2.466821867903362
0.4224838743649545	2.46786778139262
0.4224842253605289	2.4704921374384616
0.42248429045502356	2.4722272519190582
0.42248361794081574	2.474243224984108
0.42248224281485275	2.47659390566603
0.42248222698846427	2.47661873000299
0.4224811289877777	2.4786226631996646
0.42248037748833844	2.480644522258591
0.42248013810499957	2.4815502283773885
0.42247976437824564	2.4833668771146478
0.42247944233665874	2.4853450295708996
0.42247933207546445	2.486033378830446
0.4224790393721789	2.487806726773007
0.4224784917561718	2.4902968803647165
0.4224783567413245	2.490801243515312
0.4224779180081307	2.4925432015577633
0.4224773541116651	2.495177671130534
0.4224771445299607	2.4962517128075845
0.42247677574138665	2.497987615863429
0.42247627246193187	2.5
0.4224603590157126	2.501517965985318
0.4224570789521203	2.5018855019410964
0.42244929618886135	2.5036092700799033
0.4224546008390746	2.5046426548457603
0.4224575174895895	2.5048730238498242
0.4224803586481221	2.5063608592505244
0.42249719008626196	2.5074301072614187
0.4225097026707797	2.5081985333685903
0.42251289481810733	2.508389632449641
0.42252657616711436	2.5091483236596805
0.4225356698385306	2.5095824137079097
0.422541402127945	2.509808787868641
0.42257317881367995	2.510955686164486
0.42262250664457723	2.512719218761619
0.42265130157297426	2.5137339378047194
0.4226682825181694	2.5143177960530956
0.4226784662708667	2.514653740753105
0.422684249872436	2.514833311454005
0.42272790604721067	2.516140719411596
0.422762640978912	2.5171671266837166
0.4227884762782047	2.5179183445550715
0.4228005667428548	2.518264963798348
0.4228113873121681	2.518571507785717
0.4228210854621989	2.5188426100846986
0.42282522111985943	2.518957003906917
0.5361859056010607	2.202650510300621
0.5363145527662445	2.2037027465236267
0.5367614396488559	2.2072897269023333
0.5372982390621777	2.211491409839759
0.5379402830015091	2.216412892845899
0.5379572353813136	2.2165425735192947
0.5382137055040117	2.2187121564395187
0.5382932338001234	2.2194498217635155
0.5384168561484618	2.2205689053550905
0.5385982108332997	2.222182670036932
0.5388627498490589	2.2245094739123856
0.5392471607027753	2.2278640641451215
0.5398043260602572	2.2327001256147767
0.5406104727100218	2.2396716116638897
0.5417754762672374	2.2497211478432617
0.542004556768136	2.2518745059919274
0.5423054764226942	2.2552985068464633
0.5426454805536868	2.2599728827580536
0.5426803915529116	2.2605242437734527
0.5428242785764403	2.2633961130370217
0.5429433709866013	2.267211099018384
0.5430290996150382	2.272284026952003
0.5430700330565005	2.279034835760503
0.5430509220197416	2.2880236734418244
0.5430336156359049	2.2907534143745623
0.5430148555212497	2.294448639425757
0.5430088721069353	2.300271445210685
0.5430239088136589	2.3053953130766085
0.5431073191651423	2.3167297719382103
0.5431426030099511	2.3210317810376058
0.5431540488720856	2.3229656708138156
0.543184782361154	2.3300694605955563
0.5432007664424976	2.3379935095011337
0.5432019045025008	2.3392781015357245
0.5432060252376543	2.3450725346379304
0.5432087673189873	2.3513134443593637
0.5432086320038225	2.3562545911592823
0.5432068037565233	2.3602058008219187
0.5432028748934399	2.3652968949055877
0.5431896322441971	2.3752187461664676
0.5431871833096816	2.376816299116402
0.5431827148175647	2.381606120393286
0.5431823969191392	2.3866011176208644
0.5431839520766283	2.3896640405897465
0.5431854118513354	2.3938728951512376
0.5431854168629775	2.3940324922408975
0.5431793482852028	2.4053358042554627
0.5431763402092153	2.4083996887240247
0.5431734218545733	2.4124815379499362
0.5431716556411358	2.4166800381833147
0.5431715245212496	2.4171417018577426
0.5431712821611447	2.4181439516677647
0.5431710447397508	2.4221972088069865
0.5431730040268764	2.429085344804593
0.5431740152907365	2.431635081914782
0.5431746066609883	2.4352643859316236
0.5431731317701634	2.4393452024934428
0.5431715862300261	2.4420191217967684
0.5431709296010532	2.4455106185107884
0.5431714058567247	2.4492377979415396
0.5431721919952164	2.451857339235864
0.5431727986110109	2.4534415329576715
0.5431753928287819	2.459549605463489
0.5431759154352409	2.460776067245637
0.5431766349139024	2.4628841627346896
0.5431771362831874	2.4650149314724508
0.5431772637697857	2.465665812472071
0.5431773211844595	2.465936699147891
0.5431779304956215	2.4684689663691675
0.5431786792798957	2.471033013897936
0.5431790675530772	2.473098912167702
0.5431791175630839	2.4747610678802907
0.5431789816475681	2.4776786794345016
0.543178931762176	2.478312281398694
0.543178904887625	2.480212029893633
0.5431789654861702	2.4813904277767014
0.543179149832495	2.48330342032076
0.5431794420719261	2.485233114326066
0.5431794909370085	2.4854982691404195
0.5431795526748936	2.4858157836657244
0.5431797922004594	2.4869886387966296
0.5431805433235648	2.490349539721179
0.5431807052021101	2.4910024259205
0.5431812000200765	2.4927377634164403
0.5431817924781526	2.4944862073380643
0.5431820586919838	2.4951887608551786
0.5431823629625582	2.495964064039171
0.5431826369417112	2.496675293337748
0.5431837788796267	2.5
0.5431854871766575	2.501500936268801
0.5431865012114546	2.5026357582218095
0.543186990516086	2.5034937698312274
0.543187092312907	2.5038803810905614
0.5431872245782047	2.5048022096136426
0.5431872262175268	2.5048132333091435
0.5431873046345586	2.5057514471775177
0.543187794934753	2.507672362468239
0.5431886693058263	2.50873791636435
0.5431897572890808	2.5093289893877713
0.5431909643292304	2.5096568612641823
0.543191190116033	2.509703610825872
0.5431995458050922	2.511214769771933
0.543206500018309	2.512298722571415
0.5432124557114424	2.5130762450337327
0.5432177019677195	2.513633968367037
0.5432206955639892	2.5139005854987007
0.5432267406996913	2.514404278456655
0.5432300246284161	2.5146808606127102
0.5432308369520497	2.5147498618943747
0.5432361458899333	2.5152613130831867
0.5432386675634107	2.5155747524974337
0.543250304565976	2.5172790821478537
0.5432570840100885	2.518359209931534
0.5432580036052312	2.518515141992086
0.6698034306028232	2.195773198722752
0.669773959853932	2.1976577786159925
0.669711121583672	2.2016416587827417
0.6696394834333751	2.206136925662477
0.6695767194552416	2.210228698676672
0.6695764411613521	2.2102475740505705
0.6695682801784981	2.2107446030263223
0.6695495567838137	2.2116932059171273
0.6695192102595666	2.21302801241503
0.6694633959889684	2.2144892206218203
0.6693131507717448	2.216859841748426
0.6690233602293395	2.2204563850047307
0.6685243579949519	2.225906480813875
0.6677107391902308	2.234159266861152
0.6664230552488133	2.2466500767473674
0.6663042384953253	2.247839849098299
0.6660996128024012	2.250144026788882
0.6658579863474469	2.2532343399168884
0.665566608510209	2.257379095393851
0.6652083773743143	2.2629381725477917
0.6651261860449031	2.2643554941392123
0.6648171585586884	2.272073096778545
0.6647865070623697	2.273340868833782
0.6647003972694113	2.276906490941349
0.6645919071736344	2.2814051362016934
0.6644551826154748	2.2870809501458265
0.6642822315395477	2.2949390987112057
0.6642089774563447	2.299347583652727
0.6641620796400468	2.3032893314301885
0.6640985888173135	2.310942821150973
0.664058995205829	2.3200575576996094
0.6640404377379989	2.3254900216535024
0.6640254606120187	2.3293935025534847
0.6640069342774454	2.336384035310037
0.6639971010718553	2.3440884847269157
0.6639959003906708	2.3482787333532005
0.6639954128781678	2.3529970427136324
0.6639925024220843	2.359596114646377
0.663986824786854	2.3666738811347705
0.6639846949318629	2.368696485771032
0.6639800719525794	2.3726268541444644
0.6639707384350362	2.379803188775389
0.6639596435480922	2.3874495683577233
0.6639561491567018	2.3903578920501185
0.6639533328577196	2.3928707241527447
0.6639442072344265	2.397891567304397
0.6639237466731698	2.405934841599189
0.6639157470053405	2.4090938683825676
0.6639068855740902	2.414143529567002
0.6639026388352873	2.4199405053817005
0.6639024588440119	2.4208909525443163
0.663901994600545	2.424925701986779
0.6639018973933679	2.427460728212182
0.6639019297333173	2.431943675662094
0.6639017207780356	2.433878095519935
0.6639004547331646	2.436668041883525
0.6638999298916595	2.437457128953267
0.6638974215284807	2.4409625400643638
0.6638970691419535	2.4414444947809497
0.6638951083256819	2.4453135251414135
0.663894164243237	2.448512296830319
0.6638930724679639	2.4526014821996363
0.6638919408410056	2.4564267049792115
0.663891643758459	2.4574624620699987
0.6638913755621307	2.4599033057354287
0.6638917109752908	2.462375222974308
0.6638920178908975	2.463533382524593
0.6638927099849394	2.46577152501475
0.6638932026542004	2.4672406252787473
0.6638941325935559	2.4703156357980505
0.6638944350402911	2.4717129023076136
0.663894550072076	2.4747046233359655
0.663893930596194	2.477897949441113
0.663893495261079	2.4796352472843743
0.6638932221330888	2.481252103883542
0.6638929846661922	2.4831363593325673
0.6638928440527764	2.4852093143015748
0.6638927668517379	2.486795207678364
0.6638923276384892	2.490236785649447
0.6638922961820662	2.4904037881644157
0.6638920067773895	2.492161097311593
0.6638917913141116	2.4939322229690197
0.6638916955325431	2.4951507430495283
0.663891635328548	2.4962649120138685
0.6638916154981507	2.496623992312526
0.6638912852973216	2.5
0.6638880875613413	2.501466739165562
0.6638867676861739	2.5025799706824845
0.6638868714567856	2.5034248957507157
0.6638873758233881	2.503798854838307
0.6638902655019071	2.504697436492258
0.6638942406072422	2.505583205584314
0.6639034587460239	2.507437370681094
0.6639092624302506	2.508473420202585
0.663913158076959	2.5090523305217176
0.6639159874282319	2.509375804743148
0.6639162826081286	2.5094056674191583
0.6639305496903201	2.5107749194862823
0.6639415448293193	2.5117604652678343
0.6639501838989756	2.5124698331059476
0.6639571261137206	2.512980418019533
0.6639626369863009	2.51333581757407
0.6639712027247234	2.513777932162029
0.663976933606999	2.5140050606522006
0.6639972895775679	2.514717418269046
0.6640425155269973	2.516294278296825
0.6640693720153821	2.51725343328481
0.6640803155540997	2.5176550460875773
0.7891619700239735	2.197749490572691
0.7891314195324408	2.1983085756800453
0.7889878157731407	2.2009807724405523
0.7887888077270921	2.204775725387543
0.7885208390710128	2.209985901407891
0.7881583288948366	2.217139898347022
0.7876661461706163	2.226963777695575
0.7876242370600608	2.227741955041176
0.7875528458351386	2.2289061298186823
0.7874436079106225	2.2305363483150997
0.7872812666165715	2.2328201890434407
0.7870444243363601	2.2360207318115286
0.7867030707440656	2.2405069473794335
0.7862151161447576	2.2467963191095186
0.7860405559898327	2.2490608869994895
0.7852377497500427	2.2600337785432205
0.7851400925570515	2.2616460972836285
0.7850257139652432	2.2643657916504605
0.7849330645917587	2.267992261722509
0.7848694345554509	2.272827108677564
0.7848378784768885	2.2805107783468186
0.784865557937682	2.291652350107877
0.784867765965412	2.292080380837432
0.784880571248785	2.2968038272785134
0.784872716712855	2.3022881457343027
0.7848408717101476	2.3086559024829514
0.7848126948149342	2.3127476709635735
0.7847936868322053	2.315520383822311
0.7847475071251881	2.323189034038675
0.7847039492802308	2.332016509800627
0.7846739046784245	2.339956550982411
0.7846593205036417	2.3456878861158477
0.7846502852821629	2.3523505850445123
0.7846487269973543	2.359568885572537
0.7846492327364412	2.361065761101131
0.7846498767556207	2.3645182837307663
0.7846490244140165	2.3693880230745066
0.7846460929383253	2.374489778068149
0.7846451957115979	2.375605907164497
0.7846450927012497	2.375728440408807
0.7846424551780833	2.3806552239412815
0.7846434591819407	2.38731873500236
0.7846440219449051	2.3885673474292797
0.7846444694942991	2.3931783906476514
0.7846423460563549	2.397959409613184
0.7846396478303921	2.4008025521419265
0.7846366818227175	2.4036779779804025
0.7846354046275731	2.405184580931406
0.784629033151254	2.4148169771554078
0.7846281403122508	2.416571829155173
0.7846256664720517	2.4212117268415057
0.7846229529733845	2.425992168181487
0.7846211015723001	2.428696918321443
0.7846193473882836	2.431402386970191
0.7846192589452718	2.431577615913926
0.7846178678727789	2.4392121236302606
0.7846179307245897	2.439750196195777
0.7846178852839976	2.4435372422582637
0.784616977745384	2.447406010757396
0.7846158583149243	2.4500422062105893
0.7846157198840016	2.4503199337488057
0.7846142860992801	2.4537493397641574
0.7846141925302224	2.454027599820053
0.7846131660593242	2.460174886801711
0.7846131371838233	2.461456606192407
0.7846130094478114	2.463397891213705
0.7846129084892495	2.464365778596921
0.7846125311333322	2.466893980784399
0.7846124808794177	2.4671816836337688
0.7846122158640443	2.4695716848172706
0.7846121808124384	2.4700748326819078
0.7846118276135285	2.472351968470265
0.7846111509141753	2.474654079235539
0.7846106044922971	2.4759872494955513
0.7846100813914402	2.4772216759515335
0.78460946290519	2.479023314333895
0.7846090110450801	2.480840003605353
0.7846089749074825	2.4810230499046857
0.7846089606614502	2.4810960350471833
0.7846085112233514	2.482812686851134
0.7846073968364133	2.4854436366312704
0.7846073914506586	2.4854539800678253
0.784606476811703	2.4872120181579795
0.7846055564423781	2.488983983162128
0.784604861904074	2.490360587823306
0.7846040583932687	2.4919325154742036
0.7846021911715496	2.4952112883245396
0.7846014159834422	2.496432610358092
0.7846002027118066	2.4981612189170335
0.7845987917150163	2.5
0.7845813801431216	2.5014921029021693
0.7845765567792722	2.5019958474964685
0.784569248688588	2.5036357403973972
0.7845753656384086	2.504625087269147
0.7845773960347816	2.5047755087138492
0.7845999681844509	2.5062250175277963
0.7846154049422811	2.507179137666732
0.7846356066450944	2.508367938950396
0.7846480410118916	2.5090520617368943
0.7846560058481915	2.5094457570478585
0.7846597684680938	2.509612033358556
0.7846944310564488	2.5110886511615456
0.7847182817141514	2.512146689583785
0.7847305447526354	2.512717143951921
0.7847491262670045	2.513604250249686
0.7847597507089824	2.514113938525414
0.7847658034043402	2.5144067804373833
0.7847681394682728	2.5145208591979813
0.7847882260843853	2.5155231254801755
0.7847930956533655	2.5157715502387537
0.7848204354362471	2.5171707162717474
0.7848380915725253	2.5180685852438
0.7848394063850019	2.518135188759146
0.9078717414943206	2.194496617740568
0.9078634711895535	2.1947180932447603
0.9076947465462173	2.1991396061667308
0.907475993298727	2.2046691080144085
0.9071946711492415	2.21158530723501
0.9068350853783381	2.2202370138153915
0.9068337434839459	2.220269129501347
0.9067739649721596	2.2219705051888026
0.9067182258999477	2.224361136494352
0.9067056991544857	2.2251285368743297
0.9066892706340951	2.226402230970528
0.9066710230152251	2.228204485467727
0.9066502123198186	2.23075358823601
0.9066257873334493	2.234357975369477
0.9065962627232925	2.239453460473423
0.9065595397565336	2.246655838850339
0.9065126529793147	2.2568352160888883
0.9064999248774782	2.258528196758826
0.9064393287661394	2.2625495950039958
0.9064081202278098	2.264082466961178
0.9063308332489186	2.2676278256860187
0.9062183502341545	2.272456021809275
0.9060579606950029	2.2790315197630195
0.9058323520689486	2.2879869467902254
0.9058144044930424	2.2887009395190026
0.9056433698178596	2.2966992825441195
0.9055654660307777	2.3018012023487557
0.9054883445714847	2.3097399070163505
0.9054471794117038	2.3192889399375947
0.9054439985622382	2.3208106766527226
0.9054207813313582	2.327746487616559
0.9053878568180304	2.334994212997835
0.9053457200707568	2.343577787281477
0.905336003234233	2.345761510003485
0.9053222550509528	2.352504258525075
0.9053213255048078	2.3587543513852323
0.9053219574217259	2.3663452492170887
0.905322039694152	2.3668693853108334
0.905320315825682	2.3721684320336536
0.9053185172923275	2.3755936193450364
0.9053185323331294	2.380088281575996
0.9053207168706342	2.387263374463208
0.9053210698190437	2.390269002773902
0.9053192757993194	2.3950506947256383
0.9053145345021879	2.400012409926327
0.9053127519789981	2.4014651801884064
0.9053093342725593	2.404627808025769
0.9053056730007927	2.409471918980252
0.9053055187889445	2.4097508420387967
0.9053035924259203	2.4156602106262905
0.9053033268375592	2.416914593369461
0.9053032986870642	2.4170037196612353
0.9053009697155013	2.4224099030866815
0.9052973145795639	2.4280095355412445
0.9052970935118941	2.4283069922248655
0.905295149522051	2.4323656655044705
0.9052945875680435	2.434764114650461
0.9052934335131386	2.439628716808227
0.9052933690300601	2.4424180654909025
0.9052950988994432	2.4461075814297764
0.9052979887022439	2.44956315668221
0.9052998163439869	2.4517822122133937
0.9053016097225839	2.454886393767968
0.9053020251189813	2.4582807354585627
0.9053017831222512	2.4603870675329196
0.9053021155033691	2.463181712560373
0.9053036506760244	2.4665253900761206
0.9053041953989983	2.4674231159969358
0.9053053476387865	2.4698253490289144
0.9053055123630437	2.473344257601668
0.9053052960577717	2.4741055922718544
0.905304700479732	2.476555429715881
0.9053042516528339	2.479033605655367
0.9053041509939818	2.480032261762798
0.9053040635847696	2.481443096943037
0.9053040267031459	2.4819973041920873
0.9053039473472035	2.485557658985238
0.9053039681470507	2.486425145469016
0.9053040521776523	2.488173152695985
0.9053041931669007	2.489934773704019
0.9053042472055706	2.4904406825915752
0.905304301279323	2.49087360335091
0.9053044616018433	2.491963801907664
0.9053051401716088	2.4952549524581022
0.9053054660511699	2.496565732090258
0.9053058839504282	2.4982744212396772
0.9053062966053916	2.499993575434771
0.9053062981327111	2.5000000000000004
0.9053062772362924	2.5000061601374117
0.905300563033484	2.502474101590292
0.9053009794325988	2.5039474601363825
0.9053044681507225	2.504770681579559
0.9053139028776063	2.5062256252352495
0.9053210793845192	2.5072734813284545
0.9053266299177106	2.5080281519009713
0.9053310098229996	2.5085716694999367
0.9053345470420552	2.508963114179438
0.9053374777597462	2.509245035548292
0.9053395573913836	2.5094176470401512
0.9053422272099212	2.5096014705996548
0.905345399157209	2.5098011929462993
0.9053810851293875	2.5120116088866498
0.9054017879712066	2.5132384550373343
0.9054141764563435	2.513919379270218
0.9054219520336922	2.5142972942324637
0.9054264231874223	2.5144833346221165
0.9054579376370486	2.515688412059771
0.9054831259975556	2.5166266887416335
0.9055033989743899	2.5173572419938255
0.9055198550568386	2.5179260678589337
0.905521321966403	2.5179755169128293
0.9055268717433098	2.5181600911621613
0.905532011661578	2.518327207907598
0.9055346561253877	2.5184116064588786
1.0293347001940334	2.190614154267196
1.0292379446548257	2.191717471229195
1.028879081935301	2.195666746984427
1.0283960057084747	2.2007523984126043
1.0277531060105498	2.207300196369812
1.026904564386464	2.2157293021166247
1.0265936568473142	2.2205934600854507
1.0265829759097627	2.2210272271914087
1.026568658509837	2.2218513193097524
1.026556234987973	2.2229996956950826
1.0265463892589526	2.224600454956187
1.0265400759203536	2.2268322929610513
1.0265386271642374	2.2299444881218067
1.026535806914141	2.231560048435484
1.0264415521876855	2.24095560440737
1.026112688526457	2.2568394304311146
1.026108507940976	2.257013660417876
1.0260752447738735	2.258924909146048
1.0260577204656367	2.2614677856718735
1.0260609913815324	2.2648510968462285
1.0260917862423162	2.269352677622871
1.0261308683150285	2.2735632064512354
1.0262125974829854	2.2826347899423243
1.0262386726504804	2.286033260635101
1.0262724148101927	2.2929432798166474
1.0262898169643881	2.301760958707953
1.0262920171317609	2.306741663010438
1.0262916592761384	2.313902941494316
1.0262914036322925	2.3143923661330943
1.0262757416962682	2.31987102287584
1.0262338105657742	2.3259496940096747
1.0261627943830172	2.3326941029164763
1.0261517454233693	2.33359505290066
1.0261129341336865	2.3370232614229076
1.0260487428670106	2.3450466154024694
1.0260174575811385	2.354192713549257
1.0260131888278745	2.357815257467519
1.0260121781721967	2.358698498547124
1.0260049469400347	2.3652089224386734
1.0259976183708697	2.372162048855753
1.0259938255948367	2.3772256393502804
1.0259911027142818	2.382542803492734
1.0259873624923166	2.388809378497326
1.025986347569238	2.390462640227501
1.025983876562083	2.39528300645743
1.0259832838630611	2.397185399293284
1.025984303252565	2.402946252375518
1.0259861117371858	2.407310670549292
1.0259868709242965	2.4118472959440718
1.0259864859764394	2.416224548281081
1.025986066380772	2.418152398707194
1.025985169549383	2.4224949184070237
1.0259843145289664	2.4269595403265893
1.025983978848264	2.4291360831636837
1.025984162241665	2.4317435574102193
1.0259862850516912	2.4356392517617325
1.0259906636976162	2.4396254950993286
1.0259915066004646	2.4402361052049795
1.0259940536243273	2.4420938478216123
1.0259974458155665	2.444963064534461
1.0260012003225316	2.4502517911084754
1.0260013612229506	2.4506385419157906
1.026003144269648	2.4542776584459443
1.0260032316433518	2.4544374455261186
1.0260044238324082	2.4594366994239256
1.0260044222312168	2.4594634318582327
1.0260043393068703	2.461583215342523
1.0260043429503476	2.4637253264317636
1.026004720926089	2.4662665107674187
1.0260052985085215	2.4682210195307137
1.026006144039835	2.4707050362580003
1.0260063851860486	2.471573128553177
1.0260063364830945	2.473718354552524
1.0260062503180212	2.474075023223243
1.0260053929531732	2.4769860976432803
1.026005037530474	2.47854519689802
1.0260050858104517	2.480486198635205
1.026005377518776	2.4818893274212455
1.0260059548506084	2.4837569005005022
1.0260065363183024	2.485356174004016
1.0260066916240733	2.4857796331825748
1.0260073946620365	2.4875444328877103
1.0260085544757214	2.4902984341223795
1.0260088217921932	2.4909198324978257
1.026009654669883	2.4926744971070596
1.0260110392492554	2.4951894751134525
1.0260116581248249	2.496237265124238
1.026012665009459	2.497965059985746
1.026013804550406	2.5
1.0260061469365778	2.5015024324189916
1.0260046383544386	2.5018919280444973
1.0260025245990767	2.5036090899893853
1.0260069579551323	2.5046344395468125
1.0260084170059043	2.50481096290093
1.026022269501076	2.506253670722191
1.026032848344265	2.507293377512699
1.0260397697321941	2.5079301356991768
1.0260507484485837	2.508834236183394
1.02605805454525	2.5093435731925644
1.0260632911660466	2.509630507282366
1.02609226994469	2.5110767883384613
1.0261249734081108	2.512678907935486
1.0261443989341514	2.5135733261009525
1.026156408476992	2.5140726427796043
1.0261642747061643	2.5143513789194714
1.0261666805799825	2.514427278243191
1.0262022678417961	2.515452811468417
1.0262326505159967	2.5162532186260966
1.026240722960476	2.5164533632714905
1.0262516404613806	2.516713877102456
1.0262619537008748	2.516948744249471
1.0262717189078836	2.5171604911515937
1.0262809867950844	2.5173513953586335
1.0262898031021739	2.517523510050266
1.026298209085616	2.517678686139675
1.0263008934209346	2.5177264097333754
1.0263015197255512	2.5177374454947854
1.1513937053418637	2.1934423012297968
1.1513654994943763	2.1967057996343042
1.1512975979652615	2.2025010078472995
1.1511929780770158	2.2095323300181753
1.1511737894456857	2.21203889281205
1.1511775456019486	2.213028158980258
1.1513068859181819	2.219439169882361
1.1513125879658581	2.2197338921921217
1.1512927327387825	2.2206456454727577
1.1512050089529515	2.2219191736894905
1.1510237183122578	2.2236932422412528
1.1507132986147883	2.226159869162417
1.1502245384179535	2.229584761210801
1.1494893390534728	2.234335592454674
1.149139091943487	2.2365867236203925
1.147716661733539	2.246741669783024
1.1476547078574417	2.2472705886907187
1.147517262350686	2.248754342602062
1.1473855769476493	2.250789120943286
1.1472621281985338	2.2535772739217723
1.1471503042519275	2.2573954453637395
1.1470791761277983	2.2610784814360665
1.1469521402476588	2.2730039846216856
1.1469442898476632	2.274783976908665
1.1469220632117927	2.2791870811916635
1.1468893568275003	2.2848516558656806
1.1468532814512644	2.2907790672567376
1.1467932613939984	2.3006803768124975
1.1467806572621146	2.303085395808768
1.146764646389681	2.3086020926856974
1.1467645696663071	2.314875144682908
1.1467867660656952	2.324834574680304
1.1467945712883054	2.328525658414595
1.14679268602168	2.334487743832117
1.1467729513712035	2.3410020247522256
1.146757169005874	2.345368769710923
1.1467548380438797	2.346203812894883
1.1467414505996547	2.3535870262854424
1.1467402908259317	2.361615415379957
1.1467406004470329	2.362130572689747
1.146739596090398	2.369301792840699
1.1467353150214903	2.3740882074534437
1.1467271048046772	2.381870330489102
1.1467261162893019	2.3827692997954273
1.1467227089739342	2.3868998612643932
1.146721065840633	2.391173353422093
1.1467207843202192	2.3952996510327553
1.1467215131685178	2.3995462132510856
1.146723887925365	2.4046204217715017
1.146723928439647	2.4046858529003963
1.146725163394716	2.4086794376357075
1.1467239647851337	2.412787935172813
1.1467217719026161	2.416266541716659
1.1467207432502906	2.41785830054898
1.146718611973119	2.4216784810335925
1.1467177186314699	2.4276477220426247
1.1467178163594731	2.4281593972989977
1.1467183330529958	2.4317849310860806
1.146718731124193	2.438416594905927
1.146718804451182	2.4405337809885665
1.146719005045167	2.4434378035887487
1.1467193241432123	2.446389044898325
1.146719356152898	2.4466355005336644
1.1467194513047838	2.44734153791291
1.1467195693249175	2.4482048473840194
1.1467200589959703	2.451863899743633
1.146720541510036	2.455597712861807
1.146720731665409	2.4568502980062457
1.1467207428276933	2.4569149222314763
1.1467207585341572	2.4596248816306967
1.1467193941337184	2.465061742669642
1.146719316818528	2.465285404433882
1.146718418740562	2.467810402051013
1.1467180796901029	2.4690235454433545
1.146718353989494	2.472882659534553
1.1467189004202738	2.47471833138598
1.1467194426495322	2.477372358008864
1.1467195028776844	2.4777974549625776
1.146719712371445	2.4800803869434622
1.1467197518861827	2.4809731849934478
1.1467198041190536	2.482912389418089
1.146719810793011	2.4848687450350058
1.146719809357888	2.48559173633435
1.1467198093315416	2.4861914655221273
1.146719809439316	2.487073069207986
1.146719879087221	2.4903533937657656
1.1467199020162406	2.490857349225185
1.146720039355034	2.4925880230402244
1.1467202686438447	2.494331861363365
1.1467204162643294	2.4951929115180773
1.146720583429539	2.496087607622967
1.1467206766056035	2.4965833480688553
1.146721310968101	2.5
1.1467036577496053	2.50150869875483
1.1466938375907645	2.5026488046538264
1.146689935413235	2.503510370177817
1.1466896282238193	2.5037198917405057
1.1466969207085458	2.50469652660319
1.1466991458716365	2.504840183818685
1.1467227420162207	2.5061824163595126
1.1467533151154257	2.507843125375585
1.146772364537209	2.5087943797623042
1.1467848131008003	2.509339253339442
1.1467934806331226	2.509651349011502
1.1467952446460412	2.5097078185029225
1.1468421500796009	2.511148735307782
1.1468764071828277	2.512183737892716
1.1468867723776066	2.512492683964985
1.1469211472968022	2.5134846118573013
1.1469422212612588	2.5140547853639026
1.1469556490141053	2.514382536278258
1.1469631591399723	2.514544057244196
1.147014017171116	2.5155783808750667
1.1470268440026938	2.5158410412036822
1.1470428779866566	2.5161708792894117
1.1470572482018575	2.5164682109510297
1.1470699209166173	2.5167321039216133
1.1471152494746413	2.517752537378611
1.1471241904809293	2.5179740836534226
1.2752984526067783	2.2050558182304676
1.2752988858340963	2.205102900775147
1.2752990718998534	2.2052536916200722
1.2752837335953484	2.205958259934951
1.2752316122655114	2.2069490022607017
1.2751277948022592	2.2083417257361884
1.2749513331773898	2.2102991012291553
1.2746728022886664	2.2130496277028824
1.2742508695383579	2.216914270901792
1.2736274762215525	2.222343881926174
1.2727210689646709	2.2299717579987055
1.2714170921271004	2.2406874730204573
1.271042667687351	2.2438163684774803
1.2710357885839743	2.243875777949519
1.270904456835847	2.245113544874606
1.2707504360928505	2.2468280404793193
1.2705649233808465	2.2492024966888704
1.270450516903915	2.250758264130329
1.27005633033247	2.256026612723624
1.2694507972072149	2.263966739011457
1.2685270535409654	2.2759342033119054
1.2683259568920509	2.2788809088556317
1.2681087353411422	2.283268756797299
1.2679314313350658	2.2887153412661223
1.267916749304023	2.2893128531645583
1.2677904557345292	2.295214089973226
1.2676745950059853	2.3023663884556766
1.2676266761263366	2.3060963590661077
1.2675538336963772	2.313067338093628
1.267528988218487	2.3160101049643336
1.2674742625261872	2.3243384575281087
1.26747153552382	2.3248654052281807
1.2674465157872041	2.3306300797691915
1.2674282742824428	2.3369486639134873
1.2674245691198371	2.338991405823395
1.2674221931848995	2.3454308361865195
1.2674223235993405	2.345618334250108
1.2674257278281793	2.3519847274459624
1.267427328904012	2.3588278771929527
1.2674245942754045	2.364778917245675
1.2674216251931905	2.3687897565595435
1.2674210661119947	2.37507559385074
1.2674254280920811	2.38173109090155
1.267427734083855	2.383899951009114
1.2674313588177146	2.3876846347390437
1.2674348446141723	2.393636399225582
1.2674349657611688	2.393984818540538
1.2674347363927065	2.4017226045814875
1.267434458855041	2.403143814389085
1.2674340705914298	2.4066638164267697
1.2674318198196746	2.4124482607122744
1.2674274799148442	2.418465360181293
1.267426412389598	2.419481647483421
1.267424672545379	2.4214308704001777
1.267423784983154	2.424210964390483
1.2674266080762178	2.430399921520297
1.2674286637355239	2.433048948512914
1.267429741998444	2.436882410061103
1.2674275358143174	2.4409635285852844
1.2674274783444486	2.441017239404317
1.2674248752297845	2.4442565915184575
1.2674234776710067	2.4479398941137442
1.267423338527577	2.4523486019346428
1.2674234165780958	2.452830923879144
1.2674241862687894	2.456282891531185
1.2674247917083639	2.4583646753826827
1.2674259023581276	2.4617525771809454
1.267426481545777	2.4632408694657286
1.267427645018626	2.4656227238509985
1.2674278772547294	2.4660434373241533
1.2674292100438027	2.4683794180983787
1.26742988780935	2.469827476437202
1.2674302648974192	2.471781065951948
1.2674300298030277	2.4737532137315985
1.267430006147982	2.4738370083402743
1.267429991163009	2.4738889515074054
1.2674294693582489	2.4761955260943402
1.2674292027988334	2.479447992411613
1.2674291837277942	2.480238495778554
1.2674289493438955	2.4822743374989322
1.2674284455868152	2.4843291776071945
1.2674281903075675	2.485118280731582
1.2674279343779182	2.485939508814712
1.2674277505547367	2.4866548252123266
1.2674274477997023	2.490238715151731
1.2674274745421692	2.490661947128659
1.267427624110354	2.4924180062154835
1.2674278371767143	2.4941875819811288
1.2674279752811852	2.495152898776417
1.267428123551555	2.4961170900404213
1.2674281865293127	2.496507434729158
1.2674288173857955	2.5
1.2674110587098704	2.5015105687304704
1.267401296107384	2.5026516937135814
1.2673975732893328	2.503513731455108
1.2673979092613823	2.504062183900443
1.267406654112671	2.504850266208943
1.2674184413733292	2.5055187122033074
1.267454412389816	2.5074806267050387
1.26747664731732	2.5086064335673175
1.2674910004501398	2.50925245230271
1.2675008311894558	2.509623151645278
1.2675052364865387	2.509764731662723
1.267555619894588	2.511259077778514
1.2675924691418206	2.512330493444807
1.2676196163816236	2.513098678491983
1.2676398091766043	2.5136494547272132
1.2676550174647103	2.5140443542559665
1.2676666536463208	2.5143274940705176
1.2676674895464444	2.514347078805725
1.2676807391600347	2.5146368129735226
1.267686965924391	2.5147601891448716
1.2677009195856652	2.5150244610443497
1.2677116240205994	2.5152281374683927
1.2677915251880616	2.516805301189163
1.2678401012703282	2.5178510570901067
1.2678572970922946	2.518257522024254
1.3860436581753062	2.2004396367002235
1.3861859925383033	2.201959821810004
1.38646713354199	2.2051364755227443
1.3868236547917903	2.2094136349130906
1.3868390516761924	2.2096087577243466
1.3868555763354835	2.2098308579571304
1.3868716350470638	2.210060767569462
1.3868872143137436	2.2102987467703694
1.3869023001830154	2.2105450644669205
1.3869598008327544	2.2116648875992224
1.3870628592658276	2.2152054072574967
1.3870831220309303	2.220211445154015
1.386990053420786	2.227269119519511
1.3867408285491587	2.237199381439817
1.3867257935775732	2.2378071413537524
1.3867085267780577	2.239682885648062
1.3867315226149295	2.242261885602535
1.3868093913491955	2.2458040821654746
1.3869621463821633	2.250665518646379
1.387017645197195	2.252148119018904
1.3871558738122536	2.255445424143108
1.3873684196988167	2.260022720423064
1.3876843051790098	2.266380638709432
1.387733976481525	2.267405223508449
1.3879057813020435	2.2718577768141746
1.3880607592466325	2.2779846526209706
1.3880712506570243	2.278539796075175
1.3881423444069716	2.2833496449073456
1.388192992558884	2.289490294509238
1.388217341682228	2.2973292285755074
1.3882180826512454	2.298270387554484
1.3882243753508554	2.3070806829064363
1.3882260174792485	2.310695637335975
1.3882254668651002	2.318490933032052
1.3882192090038072	2.327552111221042
1.3882170534531955	2.329662420860729
1.388209401327233	2.3361602898082343
1.3881993353467568	2.3437335911444293
1.3881874159477723	2.352247066164214
1.3881823633356947	2.3586558506878506
1.3881804286344557	2.362749999104673
1.3881746296674922	2.3677052402101393
1.3881683206977944	2.3752873396649203
1.3881682525450165	2.376016377516908
1.3881689788242113	2.3812284460535333
1.388171907915657	2.3866804258305976
1.3881727548597937	2.3924742022461354
1.3881688794921276	2.3985875181247582
1.3881611128270486	2.4060529711557033
1.388160450116678	2.406582297434125
1.388153853190895	2.4119421492685014
1.3881515149400765	2.4143048402727665
1.388149918034303	2.417933314510333
1.3881506893055928	2.4216491649822633
1.3881512003975034	2.4225209652352797
1.388152829275044	2.4255384054519937
1.3881538651063623	2.4292856994972767
1.3881534923684833	2.434144373950873
1.38815307577144	2.435741071156554
1.3881527182323825	2.437887968447101
1.3881528267241467	2.440998924493269
1.3881537419583825	2.445071761621588
1.388154273355854	2.447339548131246
1.3881543654697863	2.4483331876082164
1.388152938551411	2.452722102972572
1.3881525685564244	2.4533178851913098
1.388151401453718	2.456890674300059
1.3881513780000312	2.4572634276835754
1.3881518620275344	2.462029083740614
1.3881520210128833	2.4637851771023036
1.38815143348012	2.465955160454077
1.3881496782357483	2.4686255184513746
1.3881486670621732	2.469964927110115
1.388147602898973	2.4719751732349184
1.3881469617247526	2.4746797776086806
1.3881468949546587	2.4754129027595444
1.3881466334175134	2.4773643295229766
1.3881459266323688	2.480187233618536
1.3881457479510777	2.48072836247726
1.3881451834171288	2.4825698391259854
1.3881443906586268	2.4853710307489436
1.3881440530812101	2.4865114159372532
1.388143447627912	2.4882794060121727
1.3881426381082802	2.4903403047282704
1.388142550577143	2.4905481831346776
1.3881417170505712	2.492295222665679
1.3881399702056954	2.4952118986358807
1.3881391674342067	2.4963674431383738
1.3881378704538005	2.4980873156882475
1.3881363238034905	2.5
1.3881226362962444	2.50150195247977
1.3881189257468678	2.5019837929126516
1.38811226993876	2.5036485215718125
1.3881160932841505	2.504648266041123
1.3881175703062312	2.504807695328346
1.388133155249188	2.5062555276676095
1.3881446403739528	2.507299298586346
1.3881449227220795	2.5073246422820423
1.3881578324308461	2.5084904160786334
1.3881650654237654	2.5091539010049475
1.3881690675677962	2.509531514219182
1.3881704466949618	2.50966550238379
1.388184725573129	2.511128679404323
1.3881940561567074	2.5121805790585183
1.3881960034791965	2.5124180545230548
1.3882033245749987	2.513458735880229
1.388206078425415	2.514050446422388
1.388206236229088	2.514386873290286
1.3882053336953697	2.514553320976349
1.3881956467754708	2.515540619045179
1.3881879781452924	2.5161661565255646
1.3881697251367997	2.51744333415941
1.3881589307663198	2.5181216054033833
1.5102132728255762	2.203716432905241
1.510214259038842	2.203753339518807
1.51021645910865	2.203835804302561
1.5102495813340906	2.2050929231928817
1.5102945304655304	2.2068349815721113
1.5103558709563236	2.209249155605146
1.510439929041286	2.212594867466761
1.5105554727467867	2.2172316707614885
1.5107146543702392	2.2236578991211817
1.5109343167365885	2.2325642323374333
1.5109581994437404	2.2395035751702155
1.5109513978408877	2.2398787882435647
1.5109296930511356	2.241136839577179
1.5109020201184307	2.2428465281342
1.5108662269118875	2.2451698814778753
1.510819389268677	2.248327056190896
1.5107404384624223	2.2520948523584785
1.5105222073245623	2.2586300954677485
1.5101024065455424	2.2682953982139042
1.510037535514491	2.269736125095812
1.509899216765916	2.27341282736633
1.5097569402733888	2.278279759020122
1.5096097531361226	2.284722468289054
1.5095503271912185	2.288159219552266
1.5094596288490836	2.2973934810663907
1.5094569386495522	2.2979379767227304
1.5094280540434146	2.302786769612271
1.5093858308005808	2.3083044770502688
1.5093284426605102	2.3145833887269402
1.5093029019001474	2.31733179326415
1.5092656081650302	2.3218519788362597
1.5092218502748933	2.3279364465216945
1.5092108441377818	2.3296549954874677
1.5091705985941923	2.3372011431186186
1.5091633539346179	2.338876267775423
1.5091466773077702	2.342988215275504
1.5091147402247076	2.3515357389877796
1.5090830003684788	2.361016674903751
1.509068638054599	2.365592085402457
1.5090593964859405	2.368831807402997
1.5090478821562967	2.3740676196653725
1.5090399900452183	2.379566118455204
1.5090380023911283	2.3817416184261115
1.509035993847597	2.383635520911186
1.5090278196653437	2.3880514548130356
1.5090035145899119	2.3958070517230357
1.5089938075531601	2.3983134382937537
1.5089759375681617	2.4030991545382983
1.5089541840699687	2.4100585554976792
1.5089458959186637	2.41361957610743
1.5089381936628092	2.418110644800182
1.508932877504254	2.4231573292602726
1.5089328168681022	2.4232404295005363
1.5089300613539944	2.4263261779664553
1.508928415322763	2.4277646485866735
1.50891918550843	2.4335614489887805
1.5089158135650032	2.4352976778616613
1.508909271485045	2.4386965914948453
1.5089037769584912	2.4417797905479013
1.508898453095794	2.4453155003437708
1.5088948142199101	2.447963662207008
1.5088926015912785	2.4495773833569348
1.5088888128105022	2.452433907438724
1.5088835176299067	2.4562741585951633
1.5088804026554037	2.458686291935683
1.5088782624701313	2.460727413706974
1.508874843756713	2.464856571583681
1.508872797822261	2.467440574086907
1.508870044655517	2.4701547471796044
1.5088673968732682	2.4726141474304058
1.5088660302140484	2.4739852938268556
1.508863669614376	2.476571795031672
1.5088615638573089	2.479190236280067
1.5088610676768455	2.4798260311609353
1.5088602100447663	2.480858631588024
1.5088594471931838	2.4817493900649192
1.5088558743114546	2.4857738837727474
1.5088550039976902	2.4867347374242215
1.5088534977297416	2.488437035241753
1.508852025515723	2.4901522950573893
1.508851719898734	2.490517286752237
1.5088514356497007	2.4908588831674554
1.5088505080324666	2.491976941554694
1.508847839498272	2.4952705737545298
1.5088467845847564	2.4965726716268697
1.5088453483274704	2.4982759473838176
1.5088438396614166	2.499989500304079
1.5088438302211853	2.5000000000000004
1.5088437248514834	2.5000101071549805
1.5088241004159444	2.5024758240533758
1.5088211079515728	2.5039553011233666
1.5088280205915252	2.5048397737131514
1.508847105188869	2.506313327382684
1.5088609811609852	2.5073739444894105
1.5088711081600104	2.508137342751109
1.5088785367979862	2.508686812167995
1.5088840232726641	2.5090823022816706
1.5088855740842693	2.5091918505979636
1.5088914140375358	2.5095843481968885
1.5088939394386238	2.5097435398078844
1.5089045073794691	2.510398145827965
1.5089349846911226	2.512375044528064
1.5089509310569058	2.513496873274911
1.50895863237041	2.514133474852695
1.5089616556917493	2.5144947242164006
1.5089621081327382	2.5146910676486067
1.5089600909489853	2.515696939321636
1.5089562795164637	2.5164845044503936
1.5089510723403674	2.517101146473654
1.508944781393399	2.5175839642382885
1.5089403396474743	2.517837067751764
1.50893957897504	2.5178753059967356
1.6315899366791273	2.2065710268359595
1.6314562699363524	2.2085637649880354
1.6314529991573459	2.2086069466333993
1.6313888189616117	2.2100342393029138
1.6313974924646666	2.2121383444378964
1.6315077190624097	2.2152104894105022
1.6317606972536285	2.219667976600606
1.632215531378014	2.22610874088829
1.6329569781761961	2.2353895168713827
1.6330041736600385	2.236010264884997
1.633135838148378	2.238744819426215
1.6331863478512672	2.2426561584340594
1.6331244155891587	2.2482353052434467
1.6330981764482737	2.2495221220644943
1.6330529239146454	2.2519194175319357
1.6329953212890358	2.2552104147416463
1.6329207337327067	2.2597277146756714
1.6328228017633886	2.2659277042946826
1.6326927993827416	2.274436626620553
1.6325914711089768	2.280497458102897
1.6325899882865311	2.2805775726571222
1.6325027655217041	2.285099053447546
1.6323834170563323	2.2908706297594463
1.6322230906610393	2.298238036813646
1.6320104857497328	2.307642628350513
1.6319261416064406	2.3112151329773143
1.631889963680639	2.3127548051856235
1.6317797256213065	2.31812364500682
1.6317548039903405	2.319492265388172
1.6315169948060002	2.3331793698435
1.6314962872632117	2.334424738777815
1.631404093696457	2.3399323997947987
1.6313020161422451	2.3456278308040703
1.6311313758016666	2.3540023646151003
1.63105506651476	2.357591666909603
1.6309250575203058	2.3640915762780677
1.6308686116899112	2.367052595495896
1.6307333245230147	2.3743460476010325
1.6306607914365676	2.3783814778058208
1.6305443483517013	2.385065131883583
1.6304941353224298	2.3880353767312923
1.6303930003391058	2.394215781244607
1.6303501005977465	2.396944768559019
1.6302492895129967	2.4037720739965236
1.6302124165590373	2.406427799997737
1.6301371274861824	2.412115624362251
1.6301173759606555	2.4136882009099008
1.6300716905097392	2.4175820610186984
1.6300294102492499	2.4215773259158784
1.6300098265612153	2.4235919447325
1.6299733738869944	2.4274491134440552
1.6299330452037732	2.431693952507863
1.6299314027130012	2.431866471947388
1.6298870168855384	2.436605473703164
1.6298693306945748	2.4385406787523456
1.629818265573186	2.4443179778943858
1.6298074959284246	2.4455753734482615
1.6297766576703592	2.449261242754461
1.6297462799484157	2.4530228157800624
1.6297325525081272	2.454789132775389
1.629717264523405	2.4568119913326694
1.6297054751001832	2.458415602984318
1.629680983667735	2.461979737063589
1.6296744617537626	2.4629975153853163
1.6296615688449747	2.465149362424799
1.6296497540918389	2.4673243946163996
1.6296458873957589	2.4680902671723683
1.6296411682135898	2.469054961532758
1.629635053193817	2.4703361386334413
1.6296172236888447	2.47429465403569
1.6296090723966854	2.4762573287297585
1.6296012459297624	2.478288765992775
1.6295951585908035	2.479989033050064
1.6295890224647094	2.4818335340467
1.6295788624358334	2.485309673959115
1.6295755036696085	2.486615828247591
1.6295712070449846	2.488418853022126
1.6295670470796084	2.490346037632177
1.6295666429583149	2.490544774873354
1.6295632644450269	2.4922836711586362
1.6295582573769023	2.49522866149797
1.6295565265730063	2.496368652248237
1.629554005893829	2.4980863657814227
1.62955133663888	2.5
1.6295517813735874	2.501485610416789
1.629551962440289	2.501911652815587
1.629552090002385	2.5036264860262225
1.6295512102115957	2.504646982261981
1.629551029141814	2.5047705436001393
1.6295484267158364	2.5062282633701622
1.629546078230983	2.5072790279741928
1.6295452276908362	2.5076047239473622
1.6295411563491229	2.508654609061693
1.6295373147389205	2.5092357833940757
1.6295336012267625	2.5095574847167574
1.6295330973882223	2.5095925257468306
1.629510623005023	2.510966134227778
1.6294953074048446	2.5117728302570352
1.629466378171383	2.5130402720522325
1.629445757869928	2.5137539873806705
1.6294298171723964	2.514155726262236
1.6294165112700487	2.51438169362809
1.6293279480258898	2.5156480425217485
1.6293089129699294	2.5159110121243256
1.62927739494776	2.516337247811272
1.6292479879240038	2.5167237315993924
1.629232856237933	2.5169180561529556
1.6291345394641572	2.5180782753710766
1.6290945545447026	2.518503902026143
1.7822024539595411	2.2128430587004195
1.7819218256601814	2.213966939909399
1.781126638859368	2.216638567331244
1.7807140670942123	2.2178692516441156
1.7799254240122862	2.2201278586704585
1.778936710273821	2.222840007381775
1.7781702031070856	2.224879124469353
1.7740930554758796	2.2353269408285716
1.7740770257832081	2.2353668424837965
1.7738500000664847	2.235983009448083
1.7735759771294928	2.236854634834004
1.7732362500976742	2.2380841744008833
1.7728046117457001	2.2398151650372222
1.7722443471298868	2.2422486968053925
1.7715040203751686	2.2456664896794574
1.7709410024541972	2.2485213706125355
1.7697596271439686	2.2557037616509397
1.7684358970300678	2.2657451834222853
1.7682860345217413	2.267018976607625
1.768002669213311	2.269473771635669
1.7676263457494303	2.2727939595477085
1.7671242930751498	2.277284053231558
1.7664522087190033	2.2833557220020917
1.7655502009503001	2.291565499320466
1.7650609528963908	2.295946293294894
1.7649344363118287	2.2970626693235374
1.7644125676736242	2.301761243228903
1.7638025867486402	2.3074465220636964
1.7622668101282057	2.3224550789379066
1.762207858063367	2.323049306360578
1.761773489413097	2.32741858994276
1.7612990548254455	2.332174501051608
1.7611471812899833	2.3336947518994875
1.7605941384204529	2.339235357657449
1.760210244376583	2.343094602842622
1.7596649085191696	2.3486113384439045
1.759649783304607	2.3487648592070682
1.7590376326090749	2.354941895579624
1.758842650060323	2.356912867440424
1.7582452578138574	2.363128733690175
1.757627367513685	2.369836250281049
1.757231943926267	2.3742440296604324
1.7570844425796823	2.3759036508150384
1.7566605029967701	2.38074078822184
1.75578742589957	2.3908844440712604
1.7555949449156256	2.3931531024911417
1.7551011899864062	2.399106963458461
1.7545976876198266	2.405377527427528
1.7543211860469046	2.408933327685486
1.754300789852057	2.4092001366658895
1.753995957799555	2.4132393377563996
1.753779867076288	2.4161626283241473
1.7533746779629036	2.4217792641298903
1.7531511535399187	2.424965346985183
1.7529193208774452	2.4283519477734843
1.7526295299273666	2.432735317284749
1.752450874702724	2.435576586299683
1.752213143140813	2.439622405362754
1.7521078145633542	2.44150858511545
1.7519435913265058	2.4445255722022963
1.7518342116010013	2.4465927933475244
1.751653125010391	2.450133322025921
1.7515077369561394	2.4531115850924015
1.7513542749786528	2.456425603593666
1.7512726191491075	2.458274333750542
1.7511172170161626	2.462007972365424
1.751116785723429	2.462018772285058
1.7510317393380719	2.464212236716035
1.750950774042265	2.466431886756939
1.7508691258618985	2.4688117830105027
1.750857403012715	2.4691654488830306
1.7507922943184826	2.471183169679913
1.7507295173096589	2.473222307297027
1.750687628326058	2.4746388749090578
1.750652344394756	2.475874544643107
1.7506367214647462	2.476437155054845
1.750543383835876	2.480031623601353
1.7505389713212698	2.4802131105552006
1.7504957213888903	2.482081275967702
1.7504560578233797	2.483965883812703
1.7504305990924287	2.4852917860367763
1.7504100847294752	2.486442991262183
1.750404374344215	2.4867773795650976
1.7503502015152825	2.4903298339182363
1.7503450522849824	2.490714366813989
1.7503235237918733	2.4924596828458694
1.7503048557913543	2.494218349898092
1.7502956806873808	2.495209008527249
1.7502874747956503	2.4961703387053036
1.7502843046836285	2.4965558763267226
1.7502588430565749	2.5
1.7502441990629447	2.5015237064011626
1.7502350604292676	2.5026794121839657
1.7502300971414453	2.503555999059539
1.7502290426279528	2.5038307203132817
1.7502304192745015	2.5048177678588908
1.7502307992830788	2.5048884151785282
1.7502378052538101	2.506065283805608
1.7502494241289082	2.5078654919383543
1.7502570437099214	2.50888029755415
1.7502624090071701	2.509452359674111
1.7502665037098806	2.509774840466227
1.7502672304847144	2.509823754275963
1.750290497140015	2.5113267916263045
1.7503072147879883	2.5124043000622835
1.750319237585112	2.513176752387106
1.7503315776767225	2.5140192002956265
1.7503374491182955	2.5144937086698382
1.7503396801877706	2.5147611794883544
1.7503400379884093	2.514833147118374
1.75034111900616	2.515829291239381
1.75034029973558	2.5161680169486007
1.7503391962253394	2.51641073619429
1.7503192972154853	2.517731513772192
1.75029398140802	2.5184629787251844
1.979806014456979	2.248093425356974
1.9797968287983128	2.2485898465532745
1.979624251133541	2.253329190569119
1.9792702722109077	2.2587199330158545
1.9787917501738526	2.264081591071339
1.9776173577554408	2.2744374979034987
1.977447624170651	2.275321510335085
1.9770286813419968	2.276612598697776
1.9762759995504209	2.2783250392688617
1.9750607372358544	2.2806225269753035
1.9732040805097308	2.283732243651935
1.970457861762776	2.287969480974308
1.9664776613425932	2.2937718132146356
1.9607854769150452	2.3017465236493555
1.9607110761740518	2.3018491260295657
1.9601011112690832	2.302728976709394
1.9591587813620477	2.3042117878029162
1.9576319082426905	2.306803969508582
1.9554787879998101	2.3106859885852087
1.9523997718176045	2.3164701062004336
1.9479527599158253	2.3250597391975787
1.947357532324619	2.3262319569062155
1.9457872913605592	2.3293939182814176
1.9450607679240144	2.330891415954637
1.9427717607110822	2.33573666701692
1.939892884031646	2.3420384565744805
1.9362504353357255	2.350223004586896
1.9343581609324856	2.354514513157149
1.9331170233650319	2.3573324319606375
1.9309695507527076	2.3622491881384424
1.9285518299020867	2.3678360164300982
1.9271183731210075	2.3711500892299227
1.925360648123485	2.3752149457656873
1.9232947252961632	2.3800311821484468
1.9210561309381735	2.3852901346442588
1.9206752639042084	2.3861874217186108
1.9196573532155214	2.3885853699465174
1.917841984535	2.3928699993815896
1.917167168638445	2.3944648065174152
1.9149964480623598	2.3995984483243946
1.9146054818884948	2.4005243822724367
1.9134220302164018	2.4033301083593055
1.9115440628598732	2.4077837864839595
1.9095581812885691	2.4124950646451078
1.9086430528693417	2.4146711767600175
1.9080363714391013	2.4161168218589735
1.9052131530449479	2.4228414891862635
1.904713695765168	2.424032047445003
1.9029962400060563	2.428144580995478
1.9012101870124183	2.4324502456806676
1.8997424283068873	2.4360037807146284
1.8990928523908888	2.4375801491515126
1.8975535339911496	2.4413319315817263
1.8959632957330723	2.4452305079241436
1.8948802357803611	2.4478907668005814
1.8945038269084185	2.4488146581011145
1.8919166483855185	2.455174544450405
1.8915458212400682	2.4560879129110704
1.890511128881134	2.4586427546979395
1.8894541840961536	2.461261837535746
1.8887438310717841	2.463027901926565
1.8884785319352746	2.463688803711627
1.8873597270416356	2.4664822513700315
1.8862160598299007	2.4693480077478642
1.885334834319972	2.471557660470935
1.8845287248788778	2.4735801800377217
1.8832145338451456	2.4768914555333446
1.8825562643760245	2.478554435038915
1.881561201450558	2.481068787533217
1.8803661401346652	2.4840978839432886
1.8802749486038084	2.484329775162589
1.879506519255259	2.486289202896097
1.8787281684648995	2.4882835655602165
1.878573422309331	2.4886811850631445
1.8777823128674918	2.4907190742171004
1.8767484353906498	2.4933905047109626
1.8767163986905708	2.493473369322283
1.8760259270067905	2.495261909395106
1.875326120039475	2.4970795994212733
1.8747736614031354	2.498518432163
1.874282231488769	2.4998018886469473
1.8741587224623057	2.5001250004316
1.8729014613286261	2.5034230752005997
1.8727650494069297	2.5037818975025647
1.8721476728563977	2.5054086117666765
1.8715228352180169	2.5070594755874893
1.8711488840293247	2.5080498638303665
1.8707910429161014	2.5089991282705015
1.870641730979403	2.50939548408531
1.8694825954834444	2.5124754742672684
1.868951117519133	2.513905823393695
1.8685354542832808	2.5150259994127873
1.8682104718960444	2.5159033027377933
1.8681535109855176	2.5160572492288797
1.8678079641957455	2.516984807909002
1.8674448669667767	2.5179500577358267
1.866792235647453	2.5196797439240455
1.8664255954888427	2.520652140484591
1.8662197198779311	2.521198839393358
1.8661292770634073	2.5214393775377317
1.8656596937557604	2.5226933779191745
1.865323298904288	2.5235984527708566
1.8650829157285687	2.524251922063664
1.8649117378789242	2.524723959300931
1.8648726640453583	2.5248328771448443
1.8646849993959003	2.5253594883492814
1.8645824440486867	2.5256498987338842
1.8645664838850526	2.5256953570584186
1.8641843022133224	2.5267823850945663
1.8636112424108076	2.528378586537177
1.863262653224355	2.529309952390241
1.8630452855650144	2.529852889294476
1.8629047321307777	2.5301687473306704
2.199325858016751	2.425212372793407
2.195722087853081	2.425917102999322
2.191039186365613	2.427266407043199
2.1851250369051924	2.429430080671379
2.177601066291602	2.432652622464592
2.167973004710029	2.4372533174761934
2.1679540634447783	2.437262792377898
2.1654145724073515	2.4385509506337457
2.1653238677042506	2.4385984265563203
2.1648224788823542	2.4388814026166803
2.1641252652329057	2.4393158513219837
2.163151432557922	2.439964062275929
2.161786873910069	2.440914009066294
2.1598704341065873	2.4422899392599957
2.1571745108391185	2.4442673308560403
2.1533776572493957	2.4470940155706575
2.1480258880219028	2.451120011657663
2.1404780312370884	2.45683965737234
2.1298285477464973	2.4649511168698655
2.1281121381957386	2.466248756858113
2.127522826984398	2.4666902032933034
2.125112387736552	2.4684987997623207
2.124099078576206	2.469258764255264
2.117262472408171	2.4743441757574995
2.1069063120448925	2.4819564572409414
2.1059127157639552	2.4826832886819252
2.1018072084594324	2.4856894271480394
2.0970285019579626	2.4891933707757206
2.0914658378567905	2.493277021952357
2.089637401221704	2.494615665354414
2.0882960696130786	2.4955921879600633
2.0844666888798424	2.4983751282150157
2.0783050623854673	2.502858753625878
2.071274515984091	2.5079814215525165
2.067795822388712	2.5105116986577665
2.0628389526600923	2.514107413969512
2.056326983639458	2.518827406057182
2.052354778641342	2.521699751659917
2.047603307553049	2.5251220584552776
2.047403591276286	2.5252656335700756
2.0415991466643453	2.5294495518199316
2.038479092440303	2.5317015326996106
2.0344959242662792	2.5345692764089076
2.0303014014451093	2.5375813610604228
2.029733295712607	2.5379889210051054
2.0287196487945605	2.538716395585811
2.024909954446956	2.54145046339695
2.019212328888746	2.5455380852455667
2.018940356547387	2.5457331703773702
2.016737588183598	2.5473132805167555
2.014477916235702	2.5489343329582574
2.0124343124325117	2.550401061320906
2.011130434052599	2.5513367401896865
2.008359618738929	2.55332171175782
2.00550012306211	2.555365647085905
2.004348150129637	2.5561884266800945
2.002094322731346	2.5577979606989887
2.001372915975145	2.5583128379474083
1.9967235718919722	2.5616277848160793
1.9958075909495314	2.562280011350758
1.9935516099534185	2.563883849674613
1.9901375172474518	2.5663079540115636
1.9900501437062594	2.566369980199487
1.9885446777091809	2.567438174346426
1.9870144171212685	2.5685229577013247
1.985496862117789	2.569597429087507
1.98453717655793	2.5702765100904585
1.9826740799788811	2.57159545519736
1.9807761730151061	2.5729398324960133
1.9801687528558727	2.5733700988228194
1.9789506587921777	2.574232440658645
1.9784595287476647	2.5745800120937203
1.975248743480654	2.5768513211319677
1.9740740691258822	2.577681946918003
1.9726593095094023	2.5786822294222205
1.9713012556819751	2.579641854640245
1.9712448883081564	2.5796816631091346
1.9698890020251367	2.580638739586357
1.967416631050996	2.5823823590177564
1.966450245298557	2.583063564007098
1.965102753056934	2.584013196883214
1.9636450669156993	2.5850399465775675
1.9623907079061351	2.5859281590379677
1.9620614119841973	2.586161886911711
1.9604925862483733	2.5872723589310973
1.9596920272732625	2.5878354118400253
1.9585159128843963	2.588658043316366
1.95766096245848	2.5892530200486954
1.9572144819313695	2.589562058429779
1.9564110871798768	2.590116958214127
1.9559594232279873	2.5904292259967026
1.9557923683263105	2.59054484133115
1.954600835082074	2.591372165097032
1.9543826054763243	2.5915241765533037
1.9531959332506736	2.5923505746316176
1.9525241737291337	2.592817310939472
1.9521436946721038	2.59308058952995
1.9519279895858719	2.5932287734534127
1.9519038698864755	2.593245270925887
1.9507417472090784	2.5940423347448327
1.9498900739018104	2.594631472891244
1.9494119002618702	2.5949654169353282
1.949376987749611	2.5949899235956715
1.9493427367667358	2.5950139873871
1.9493091349896803	2.5950376165687836
1.9492761703245414	2.5950608192459783
1.949271319869128	2.5950642351523467
1.9484664289391205	2.595641060433526
1.9480214221014769	2.5959735553678054
1.9478904988285235	2.5960750398674683
2.2957354775656373	2.661330223305952
2.2919745431363947	2.6602188924101386
2.285891547738422	2.6587878420243407
2.278250664123531	2.6574664225346707
2.2685191497964823	2.6562946622955312
2.267463089810018	2.6562334324113634
2.2648874924335693	2.656310588426719
2.261225462766308	2.656742573229343
2.25603566307116	2.65766946339696
2.2486972588533067	2.659288359365844
2.2480236060206598	2.6594433309019467
2.2460715070217185	2.659848903851043
2.243337027820041	2.6603500059494474
2.239520519239607	2.6609839611404245
2.2342074144148976	2.6618023989059703
2.226824158761088	2.66287674042566
2.2263282988858477	2.6629484885039822
2.2233210091028024	2.6634247338453356
2.2191021803543602	2.6641739399640905
2.213189762421036	2.6653037176807675
2.2127202969437176	2.6653959544193735
2.2058910451590092	2.666714654507973
2.1956823840386037	2.6686314573638032
2.192831222153083	2.669161045342582
2.1879306456264906	2.670073168482654
2.182013014287947	2.671176875632904
2.174867164979791	2.6725119249976603
2.1724191819493375	2.672968131372693
2.1694812609034946	2.673513569859797
2.1632645811428337	2.6746661175545756
2.1562245599591967	2.6759691425592718
2.1558050449457977	2.6760466946660713
2.1496345521231808	2.6771801183459347
2.1427899794865035	2.6784231994311005
2.135896645501755	2.6796703348385664
2.1326215574321816	2.6802636424529838
2.1322844648967494	2.6803246643531526
2.1263697128797516	2.6813857022935452
2.1199830628508844	2.6825126261964147
2.112268570663763	2.6838512812651487
2.1104964471337904	2.6841549070491104
2.1103948846412557	2.6841722372361807
2.1044592202887134	2.685177839473099
2.0981553753834374	2.6862313166846783
2.0912690175660393	2.6873686474141216
2.0902454919421967	2.6875366551032585
2.087125738296275	2.688045592170567
2.0847635484682137	2.688427320589894
2.0774500819873865	2.6895897817148033
2.075545730463767	2.689886772180258
2.071726850128031	2.69047058845556
2.06778909694516	2.6910570244378853
2.0664393732682695	2.6912546572487326
2.0657620429227275	2.6913532942813236
2.061695791262522	2.691938282849424
2.056929606369736	2.6926087954278293
2.055521027396038	2.692803645580238
2.052473923271824	2.6932185356462197
2.0522661841317134	2.6932464954329083
2.0480699639297617	2.693801941990534
2.0463285164113723	2.6940267800332665
2.0435336732332807	2.6943793542665877
2.0406809941943402	2.6947291254285104
2.0400828872426895	2.694801160330402
2.0389535570829644	2.6949358270060766
2.0368546446476343	2.695181672680068
2.0328486030764417	2.695635629610159
2.0317777568015103	2.69575341091175
2.0295202350056742	2.695995594688121
2.026480613231182	2.69630871930647
2.024476862115388	2.6965062949152214
2.0223963508928864	2.6967031983632372
2.0206038833168316	2.6968665757286314
2.0192465531752597	2.6969862788941783
2.0186150524507323	2.6970406453795226
2.015048618367817	2.6973325333721156
2.0140211490546247	2.6974116129501264
2.0121547819067658	2.6975484416492352
2.010265145682004	2.697678231054172
2.0098009866132363	2.6977088198450567
2.0094047113687736	2.697734510543712
2.0081784801753764	2.6978111866228254
2.004781314418332	2.6980020877746016
2.003444935109476	2.698069645919764
2.0017270424146103	2.6981523498789466
1.9999921706651533	2.698231239746314
1.9974882654117978	2.6982946509163135
1.9959382922073143	2.6983417541851873
1.9952184048995263	2.698367946291661
1.993826517249868	2.6984225177729373
1.9928135079125975	2.6984617380609675
1.9920762355004191	2.698489788957996
1.991539636677354	2.698509713843966
1.9911490825055407	2.698523727587899
1.991065885658833	2.698526636652432
1.9906370302038783	2.6985422774620846
1.990517073862384	2.6985468982918337
1.9898849374685987	2.6985720726001228
1.9880599699551609	2.6986458658737726
1.9870118309756755	2.6986887178613355
1.9864098488926407	2.6987137974680975
1.9860641086590962	2.698728668014729
1.9859041312718058	2.698735824413702
1.9848951586807395	2.698779313266839
1.9841380706159293	2.6988076778412484
1.9836263934155562	2.698823393809821
1.9835662286584796	2.698824999201235
1.983508111987086	2.6988264839560343
1.9834519734233163	2.6988278523820344
1.9833977453808178	2.698829108639297
1.9833772308512854	2.698829566306173
1.9825625623413583	2.6988574604119515
1.9820538543367423	2.6988895525191876
2.2865061424616915	2.8106156259196466
2.2855133852702956	2.8105372385471923
2.283860417817769	2.810451438296254
2.2816194168076405	2.8103875645663674
2.2785777224250108	2.810353267832445
2.274445785815039	2.810358966127921
2.2688293690727255	2.810418845675878
2.2623690611988616	2.8105976529002756
2.2618166410650984	2.810622021927669
2.2607018317366716	2.81067542961621
2.2591556958851697	2.810755100148155
2.257011503963498	2.810871208574432
2.254038077643444	2.811037863175499
2.249914877345014	2.811274625839062
2.2441974599297447	2.8116086201349537
2.236269584175624	2.81207745425962
2.23501517370353	2.8121521673374152
2.2348210974365714	2.812163702541157
2.2323043312278537	2.8123039166810124
2.2286846420867312	2.812482418162999
2.223707252675845	2.8127038634838892
2.2168640078782986	2.8129843651878246
2.207456560308866	2.813346066355334
2.2023086623591968	2.8135435480819107
2.198426257680277	2.813697033348059
2.1895845476041664	2.814049786781392
2.178564456586249	2.814493946202747
2.1732391990948927	2.8147088495131336
2.1661477723321174	2.814993075038548
2.1660007353330566	2.8149989441848366
2.155056060196954	2.815421143419366
2.1544493035089345	2.8154437559254086
2.1480664103821234	2.815683180702678
2.141154599369555	2.8159453629991167
2.1336700332168257	2.816232180404905
2.1335924961006447	2.8162351660217024
2.1334063141557253	2.816242329078289
2.1314856433077836	2.8163155770127046
2.123146547185261	2.8166210401341845
2.114102931665702	2.816931481879989
2.111504180475152	2.8170169297452174
2.1047918924128712	2.817229819103125
2.1039746859495567	2.8172549628481973
2.0948499851355926	2.8175224045624008
2.091732215329337	2.817608058004831
2.087302231785861	2.8177244752632316
2.086222503820401	2.817751939657479
2.08009474086687	2.817901563847639
2.0796240150834864	2.817912620056998
2.075601478696073	2.8180044318379363
2.071471912632102	2.8180938679412835
2.06831801694736	2.8181594496853117
2.0658128839275065	2.818210138418373
2.0619036514147018	2.8182865851441563
2.0579010179141206	2.818361641924316
2.0570690993879834	2.8183768092678547
2.0540214547465827	2.8184306137284216
2.0503422928206825	2.8184919611847636
2.046606085230651	2.8185504751130295
2.0462130701869516	2.8185564092521425
2.0439719008483648	2.818589177882571
2.0407638476292886	2.818633002687418
2.0375001410129454	2.81867397556934
2.0371286831683575	2.8186784230168644
2.0368793418446023	2.8186813921930645
2.034752812488529	2.818706073136775
2.0334887322242303	2.8187202142978953
2.0308765784835954	2.8187482546234026
2.029849996726805	2.818758811783446
2.0287108925155044	2.818770164993871
2.025583476394708	2.818799384270945
2.0241666972590453	2.81881165530229
2.022094728332262	2.818828453689396
2.0198543757423786	2.818844999891394
2.019340103642249	2.8188485563018295
2.0175139639248756	2.8188605682739682
2.014528872859353	2.8188781528857882
2.013530950546983	2.818883526792119
2.011748609221855	2.8188927228251885
2.0095681446312845	2.8189031557414603
2.009228679019597	2.8189046896879524
2.007509241176453	2.8189120955181655
2.004738999308708	2.8189227470392026
2.0036444457902483	2.818926601492185
2.0019387000242626	2.818932444324032
2	2.818938740373458
1.998477837314981	2.8189368213032857
1.9980573103444101	2.8189365199052414
1.9963282482838114	2.8189382198537407
1.9952990130380006	2.8189430614948354
1.9951380425635135	2.8189442312295725
1.9936762985690843	2.818956290945643
1.9926205935183248	2.8189657944041175
1.992067066647793	2.8189712298253733
1.9910712849810037	2.8189833968849287
1.9905178252780655	2.8189928336124934
1.9902102407857791	2.819000754538628
1.9901892486387442	2.819001391849542
1.9886418898412397	2.819051469627923
1.988389111458563	2.8190600398070718
1.986820127003559	2.819115864631562
1.985943196672815	2.8191499519043743
1.9854531519583856	2.8191718898881835
1.9851793916841354	2.819187038801075
1.9851013592781963	2.81919206934606
1.9839749166685752	2.819271484704152
1.983084379354218	2.8193381256745633
1.9828216860520569	2.8193586684315037
1.982501406354944	2.819384495358202
1.982214190917197	2.8194085399929207
1.981956616578654	2.819430989373597
1.9817256145529645	2.8194520111826913
1.9815184337418765	2.8194717557509366
1.9813788413330604	2.8194856336182403
2.2891864045889463	2.937906205806475
2.2891056223799358	2.937898182204326
2.2860940338294586	2.9376175641518856
2.282310039817079	2.937306727610891
2.282305020940274	2.9373063406135396
2.2818218579067335	2.9372693235158733
2.2813260539892015	2.937231817438163
2.2808172738498325	2.937193809874209
2.2806755403393195	2.9371838247044693
2.2793992703236685	2.9371272694749866
2.277617165074136	2.9371186429693505
2.275137032342724	2.937175905197811
2.2716936268559755	2.9373238437714826
2.2669208826838396	2.9375966690864423
2.26031359106458	2.938041595943611
2.259780932661391	2.9380792056112734
2.255275795757822	2.9383651180047536
2.2539334176925245	2.9384338512409776
2.252010199251248	2.9385117325041294
2.2493981466297495	2.9385959564090745
2.2458489075436106	2.93868885276111
2.241024592035502	2.938793591237615
2.234465491731343	2.9389144841847314
2.2321999299910282	2.938950692470536
2.230452805373146	2.9389728240055035
2.2275504445237497	2.9389956153619106
2.223872154238501	2.9390077771498118
2.220102805531202	2.9390064379826253
2.2123942433717407	2.938975598292796
2.2087462528915296	2.938963384148075
2.2075318119279332	2.9389633260029706
2.2009432342329243	2.9389795053661056
2.1928737427728606	2.939029313767344
2.1906536858964576	2.939045138895821
2.1848543166069185	2.9390728666686448
2.181078852789925	2.939083414800062
2.173934228603621	2.9390968085914255
2.172800023734844	2.939098328279223
2.1671912095506	2.939106775666175
2.1610791994206493	2.939117576794641
2.1561185100255553	2.9391242394305723
2.1538473567732637	2.9391275830500034
2.149604481252344	2.939141679675803
2.1407430559992866	2.939192031670831
2.139838360686672	2.939198101242574
2.1344216704199956	2.9392283354510047
2.1287131831093733	2.939249545655213
2.1259646692830367	2.9392580127391517
2.1202770279859493	2.9392800718244265
2.1131294990532834	2.9393146321015866
2.111986697983781	2.9393206308994806
2.106311980798942	2.939349805123146
2.100379488325191	2.939379270579906
2.095873794722186	2.939400600797849
2.0934890495182854	2.9394109941601663
2.092524816533941	2.939414929939813
2.08587343946361	2.939439655991568
2.0789096077357003	2.9394612388940953
2.076838640904386	2.9394673176800645
2.072741724447642	2.939480985939152
2.072519838811231	2.939481785327422
2.0671759077885086	2.9395014943048747
2.065732677848121	2.9395068753176408
2.0615841906726593	2.9395216913456657
2.057336019855813	2.9395358938561156
2.0552408244010585	2.939542470906324
2.0543865502011234	2.9395450534254524
2.050759628341342	2.939555401111519
2.0459606371001358	2.9395675134713835
2.041036688904215	2.9395781551469455
2.0408145922899372	2.939578597430358
2.040528555654885	2.9395791613544504
2.038356937475046	2.939583589678125
2.035182297028159	2.9395908076228006
2.0319553646353645	2.9395990260719476
2.031706788784515	2.9395996945994503
2.030808050670583	2.939602045913788
2.0284069463237535	2.9396075733158464
2.0250767690661178	2.939613408182482
2.0229130415493977	2.9396165078819942
2.021483460221602	2.9396185838939113
2.01919089047498	2.939622050458733
2.0178950784228933	2.9396240149043127
2.0161518911397716	2.9396265247424886
2.014394891202546	2.939628902393604
2.0143430652406416	2.9396289702360714
2.014298203314838	2.9396290288704994
2.01265902722784	2.939631172813308
2.009491172258774	2.939635333506276
2.0088597037488083	2.9396361586140833
2.007150784239318	2.939638326559183
2.0054291570469225	2.939640415585083
2.0047279670147446	2.9396412370453975
2.003964264144268	2.939642110058991
2.00327071665644	2.939642882669504
2	2.9396462467911526
1.998501277348102	2.939638226395784
1.9973672440436887	2.9396338919892138
1.9965091585242996	2.9396323450883437
1.9962295913336412	2.939632306616254
1.9952735147296086	2.9396373235860396
1.9951963785622533	2.9396380520036587
1.9940493290939663	2.9396496561346446
1.9922740749252974	2.939668852454014
1.9912756608870854	2.9396811541819425
1.9907141566880324	2.9396895787487414
1.9903983789938566	2.9396958232154176
1.9903605943345872	2.939696679666242
1.988897984686626	2.9397316760839827
1.9878440751395317	2.939758330128897
1.987084651263975	2.9397789763478044
1.986907678285676	2.939784043156592
1.9861767612933727	2.9398069449376325
1.9857597268512681	2.939822339038475
1.9855218390506475	2.939833448221924
1.9854845925793785	2.9398354310506667
1.9844835873751547	2.9398908314213346
1.9841276763803704	2.939910673622561
1.9839792308750324	2.939918979025208
1.982516063619645	2.940000933576977
1.9816858596484461	2.940047431632255
